1001,7,1,2,31,32,14,15,17
1002,7,10,9,23,7,17,18,32
1003,9,5,12,15,21,22,31,32,23,30
1004,11,6,8,9,11,21,22,27,32,19,20,30
1005,7,1,3,13,14,22,28,12
1006,3,2,4,8
1007,6,1,3,7,10,23,24
1008,1,14
1009,5,1,2,19,24,7
1010,3,2,11,12
1011,2,4,5
1012,3,7,13,18
1013,5,1,6,8,11,25
1014,2,4,12
1015,3,3,4,9
1016,1,14
1017,4,2,9,17,18
1018,7,4,17,18,19,20,25,29
1019,5,2,6,10,12,21
1020,3,3,6,9
1021,4,9,10,15,16
1022,5,4,5,6,23,24
1023,3,3,13,14
1024,5,2,4,13,14,23
1025,7,2,5,7,9,19,20,26
1026,5,6,7,9,15,16
1027,3,2,7,8
1028,9,4,1,2,6,21,25,27,11,16
1029,3,1,7,8
1030,1,1
